1021445,menyusun,2403
1021454,menyusun,2403
1021487,menyusun,2403
1021502,menyusun,2403
1021544,menyusun,2403
1021559,menyusun,2403
1021582,menyusun,2403
1021638,menyusun,2403
1021648,menyusun,2403
1021660,menyusun,2403
1021693,menyusun,2403
1021708,menyusun,2403
1021713,menyusun,2403
1021740,menyusun,2403
1021797,menyusun,2403
1021829,menyusun,2403
1021860,menyusun,2403
1021948,menyusun,2403
1021952,menyusun,2403
1021971,menyusun,2403
1021981,menyusun,2403
1022015,menyusun,2403
1022017,menyusun,2403
1022063,menyusun,2403
1022072,menyusun,2403
1022153,menyusun,2403
1022201,menyusun,2403
1022215,menyusun,2403
1022236,menyusun,2403
1022239,menyusun,2403
1022289,menyusun,2403
1022316,menyusun,2403
1022337,menyusun,2403
1022338,menyusun,2403
1022413,menyusun,2403
1022458,menyusun,2403
1022467,menyusun,2403
1022474,menyusun,2403
1022539,menyusun,2403
1022593,menyusun,2403
1022610,menyusun,2403
1022616,menyusun,2403
1022704,menyusun,2403
1022760,menyusun,2403
1022777,menyusun,2403
1022805,menyusun,2403
1022847,menyusun,2402
1022897,menyusun,2403
1022916,menyusun,2403
1022938,menyusun,2403
1022992,menyusun,2403
1023129,menyusun,2403
1023170,menyusun,2403
1023225,menyusun,2403
1023230,menyusun,2403
1023259,menyusun,2403
1023288,menyusun,2403
1023294,menyusun,2403
1023307,menyusun,2403
1023353,menyusun,2403
1023360,menyusun,2403
1023373,menyusun,2403
1023376,menyusun,2403
1023377,menyusun,2403
1023392,menyusun,2403
1023410,menyusun,2403
1023495,menyusun,2403
1023543,menyusun,2403
1023587,menyusun,2403
1023635,menyusun,2403
1023648,menyusun,2403
